387.88318
372.56201
352.9541
328.89401
298.58694
323.42337
331.13602
318.07196
296.4628
288.37549
294.58517
300.39264
283.54199
261.06851
227.3653
253.00789
248.35033
269.67108
290.27829
285.74222
277.63263
263.74704
273.36212
287.9006
287.96866
292.79514
296.61899
305.02786
295.19806
297.72192
301.78171
301.82831
297.23349
296.27347
295.1441
301.92984
310.93256
312.29413
304.38873
301.12656
303.33212
307.16949
321.68799
342.85233
336.77859
341.92065
328.68951
310.83228
314.37238
309.56421
301.73422
301.69995
291.64328
296.9595
298.98578
299.88324
298.35382
299.08759
304.6618
308.41678
309.71353
303.03955
290.60892
297.46298
304.14035
300.61041
300.63409
300.20984
304.95425
317.84628
316.09274
308.12549
313.20117
316.91904
327.48743
338.35754
333.23102
332.88696
339.2377
357.64514
362.63242
366.21707
370.26282
398.92331
438.32245
477.27206
466.52481
481.37296
479.31851
480.33798
437.7522
452.99487
469.6741
469.81912
467.85938
470.01599
452.23032
430.71222
445.43747
477.44769
462.1543
471.99081
572.16589
674.10095
713.67206
677.43066
700.22858
714.81219
747.40808
829.25354
816.78546
839.22772
745.47589
716.15137
693.2746
734.66571
775.17151
773.12354
747.90942
752.08942
736.80591
733.56665
